  126500.31   77652.58  271848.44  148746.68  138413.38  351512.31
  157314.14   90039.16  378510.84  193107.05  253216.47  240866.95
  183872.89  234450.56  356111.80  304674.72  172646.25  202602.25
  223462.75  147413.97  153737.21  116308.33  360771.47  164390.50
   96857.88  126373.87  262760.96  173685.24  210449.29  258848.96
  222793.36  305284.68  214915.46   76803.08  100709.96  133652.71
  143630.60  156999.83  170928.39  330380.40   95034.95  166375.07
  315211.78  116774.50  161457.95   49414.54  145655.57  139804.46
  559053.25  139664.72  185906.66  182955.82  223239.40  132720.41
  273484.44  156842.91  156373.08  297152.28   98518.54  287793.94
  384615.73  340101.71   87640.63  142914.24  213629.82  244507.19
  187025.45  244262.81  141068.38  257300.52  107796.45   56840.25
  189094.09  126880.38  300739.58  132720.41   99608.22  125492.34
  314581.98  283792.89  197205.18   71467.64  275130.28  246224.75
  319655.78  289815.56  288370.10  200787.02   95702.53  322545.66
  301643.16  152207.50  216425.14  130092.37  304065.98  401113.62
  146239.36  135672.61   96954.78  341123.55  340782.59  199187.13
  218381.76  212564.34  241590.64  143918.15  110084.11  647581.54
  264342.26  127261.59  301040.47  157944.66  170416.38  216641.67
  216641.67  149193.59  171099.41  471653.55   65972.94  464631.55
  242558.94  270222.24  403527.53  105134.95  195242.96  338744.02
  263023.85  187587.37  242558.94  458172.03  238470.29  127899.49
  211715.78  218381.76  358613.33  184056.86  375119.53  295670.22
  287793.94  106510.62  245241.81  668639.28  174032.96  223462.75
  137998.76   62755.41  122638.96  169566.42  215776.84  142771.40
  164062.05  251701.72  188905.09  149492.28  200987.90  225482.99
  183505.51  320936.96  233281.23  422946.09  136489.09  186278.85
  158102.68   93433.01  304370.20   87378.10  219476.40   46957.58
  168215.30  154353.39   74458.71  292728.25  238470.29  494350.47
  263814.11  478303.14  472597.81  154353.39  110414.86  465561.74
  103053.13   63576.55  208563.74   86595.23   51072.42  263287.01
   50614.84  190422.39  204229.57  227749.13  249696.14  161135.35
   82043.10  225257.62  140084.35  121783.48  217075.39  246964.53
  352216.03  449998.71  215345.72   75886.95  124741.64  328075.81
  201995.36  165214.52  410856.79  352216.03  141350.80  165049.38
  141350.80  320616.18   88965.15  179153.81  237518.31  251198.82
   84626.27  579545.82  200787.02  190803.62  351863.99  362942.61
  203414.29  174730.49  135808.35  182590.28  652782.97  331373.03
  520736.79  394746.87  423369.25  256273.37  178974.75  396725.55
  344551.90  306201.91  308044.64  225257.62   83283.02  313013.00
  218381.76  214915.46  190612.91  209399.67  183505.51  216641.67
  120090.39  238231.94  222570.68  176839.89   61821.10  366590.24
  390428.45  192721.23  121297.32  342148.45  158419.21  155748.84
  187212.57  240385.70  240626.21  209399.67  232815.13  276233.00
   73423.55  444631.00  111859.62   99210.59   66105.02  258590.24
  204025.45  227976.99  130613.78  527023.28   57411.51  162917.63
 1351870.84  616614.93  203210.97  176663.13  168720.71  169566.42
  144784.25  282942.79  376246.58  184609.86  232117.73  277617.63
  177371.20  112420.32  192143.93  225482.99  146532.13  107581.07
  266465.48  314267.56  374744.60  319655.78  146678.74  273758.06
