 11.748 11.260 12.513 11.910 11.838 12.770 11.966 11.408 12.844 12.171
 12.442 12.392 12.122 12.365 12.783 12.627 12.059 12.219 12.317 11.901
 11.943 11.664 12.796 12.010 11.481 11.747 12.479 12.065 12.257 12.464
 12.314 12.629 12.278 11.249 11.520 11.803 11.875 11.964 12.049 12.708
 11.462 12.022 12.661 11.668 11.992 10.808 11.889 11.848 13.234 11.847
 12.133 12.117 12.316 11.796 12.519 11.963 11.960 12.602 11.498 12.570
 12.860 12.737 11.381 11.870 12.272 12.407 12.139 12.406 11.857 12.458
 11.588 10.948 12.150 11.751 12.614 11.796 11.509 11.740 12.659 12.556
 12.192 11.177 12.525 12.414 12.675 12.577 12.572 12.210 11.469 12.684
 12.617 11.933 12.285 11.776 12.625 12.902 11.893 11.818 11.482 12.740
 12.739 12.202 12.294 12.267 12.395 11.877 11.609 13.381 12.485 11.754
 12.615 11.970 12.046 12.286 12.286 11.913 12.050 13.064 11.097 13.049
 12.399 12.507 12.908 11.563 12.182 12.733 12.480 12.142 12.399 13.035
 12.382 11.759 12.263 12.294 12.790 12.123 12.835 12.597 12.570 11.576
 12.410 13.413 12.067 12.317 11.835 11.047 11.717 12.041 12.282 11.869
 12.008 12.436 12.149 11.915 12.211 12.326 12.120 12.679 12.360 12.955
 11.824 12.135 11.971 11.445 12.626 11.378 12.299 10.757 12.033 11.947
 11.218 12.587 12.382 13.111 12.483 13.078 13.066 11.947 11.612 13.051
 11.543 11.060 12.248 11.369 10.841 12.481 10.832 12.157 12.227 12.336
 12.428 11.990 11.315 12.325 11.850 11.710 12.288 12.417 12.772 13.017
 12.280 11.237 11.734 12.701 12.216 12.015 12.926 12.772 11.859 12.014
 11.859 12.678 11.396 12.096 12.378 12.434 11.346 13.270 12.210 12.159
 12.771 12.802 12.223 12.071 11.819 12.115 13.389 12.711 13.163 12.886
 12.956 12.454 12.095 12.891 12.750 12.632 12.638 12.325 11.330 12.654
 12.294 12.278 12.158 12.252 12.120 12.286 11.696 12.381 12.313 12.083
 11.032 12.812 12.875 12.169 11.706 12.743 11.973 11.956 12.140 12.390
 12.391 12.252 12.358 12.529 11.204 13.005 11.625 11.505 11.099 12.463
 12.226 12.337 11.780 13.175 10.958 12.001 14.117 13.332 12.222 12.082
 12.036 12.041 11.883 12.553 12.838 12.126 12.355 12.534 12.086 11.630
 12.166 12.326 11.895 11.586 12.493 12.658 12.834 12.675 11.896 12.520
