0.3014233 0.4725131 0.5799628 2.988226 0.7327948
0.01278876 1.909383 0.01293514 0.1231905 0.9380956
0.7600899 0.1997204 1.081135 0.5556422 0.3526929
0.3292653 0.04205956 0.1744001 0.4514137 1.137449
3.177319 2.688387 5.511313 3.45548 -2.798676
6.292237 7.544479 0.676421 7.664555 7.693074
2.510897 7.017587 2.200518 -0.5390419 3.674295
7.809463 3.578118 5.515265 8.010325 1.212366
3.587624 4.877008 4.873205 3.399454 3.625655
2.45999 4.73315 2.119381 7.579966 5.025454
2.005424 0.9186241 8.612579 7.703797 6.834291
1.766366 0.330498 1.885111 1.942084 3.008097
